1.770753684860075 0.22817398258005905
2.03494634498275 0.6085326437335545
1.8715211493296673 1.0250609380994369
2.4687186835680333 4.684092604445804
0.506452133836025 3.904297390275632
2.004030396392777 0.23425643233315296
0.6782293777804548 4.295072913107982
0.9277654245119554 4.623526872796666
1.664115322379649 1.2000053310436243
1.7082854586258567 1.0492201239372168
2.570265939671015 0.21297613314644948
1.6164293925661988 1.696951222540895
2.0199602563104873 1.7061400425604676
2.4494523268256216 1.1482140544357242
1.56131015600528 3.9043794717480593
0.9371641808234521 1.966384024163105
1.202796685998915 4.636832860009858
1.7272340607189505 0.7619427991643143
0.9389215560242751 4.730856915994321
0.021261954232976943 4.277471632129764
2.3070092361269503 1.6410316880135185
1.9782220357136016 1.143200412032878
2.0848296640233723 -0.09224448885815884
2.4927237803161395 1.6046027978934554
2.47359266526276 0.7291680819872619
1.485220008034005 2.027153919184105
3.1763404364327785 0.8628719873026172
1.8212519134811755 0.8497687370991075
0.7261850382178745 4.004630286396179
2.5249402439762254 1.6598964186239686
2.1687894962161938 1.0748551386215222
-0.06399601208793526 4.156517286583324
2.2781115729412162 1.4204245426634639
1.5970529584944089 1.260551335933104
1.5473486127395635 4.833828838810675
0.6623846802234463 3.5616986225229175
2.0913185865919237 4.695773629828907
1.9575065904958089 0.47129131992615736
1.5283076944490492 0.5772806410176994
1.5723594619371672 1.6198715855659414
1.7195402832202393 -0.4744728418915718
2.3965404871169627 0.8699584406890073
2.603301605539878 0.2988920170818272
-0.1382198844102276 4.533346209482468
1.382115289273489 4.938115825965056
1.1097554245237267 4.630400254419626
1.331119844940478 3.672542654219354
2.968851949094735 0.6194162424862486
1.547340907192713 0.5971778742699807
0.9411181478661785 4.11326147109027
1.3487852568454177 1.0705337323255206
3.4176606003407572 0.8335524098336475
1.2498008431755032 4.217812801046886
3.0646799966301472 0.843551378962842
2.0705543885332456 1.671402177825581
1.2542796615886955 4.922999988140976
1.6095663719509135 1.459615939795583
1.881517333596076 0.5245402709077799
1.2425880181937505 4.50399192387295
1.9459414657978917 -0.3581681408044213
0.6087801170005416 4.221471945539876
1.694013166754094 4.831546232432366
0.466673441634044 5.358596921939644
0.8992536363399217 3.887301643174393
2.697836415570654 1.206883596668812